10,83
10,161
10,273
10,127
10,221
10,5
10,167
8,11
196,3
196,2
196,1
196,0
20,3
20,2
20,1
19,3
19,2
19,1
12,3
12,2
12,1
11,29
11,27
11,25
11,24
11,23
11,22
11,21
11,20
11,19
11,18
11,17
11,15
11,13
11,12
11,11
11,10
11,9
11,8
11,7
11,6
11,5
11,4
11,3
11,2
11,1
10,300
10,290
10,287
10,281
10,280
10,277
10,269
10,265
10,263
10,255
10,250
10,227
10,226
10,225
10,215
10,211
10,195
10,174
10,158
10,149
18,1
10,147
18,3
10,146
10,143
14,1
10,135
14,3
10,129
13,1
10,119
10,89
13,3
10,64
10,29
10,18
10,4
10,3
10,2
10,1
9,7
9,6
9,5
9,4
9,3
9,2
9,1
8,18
8,17
8,16
8,15
8,14
8,12
8,10
8,9
8,8
8,7
8,6
8,5
8,4
8,3
8,2
8,1
3,3
3,2
3,1
